     0/299     7.38G      4.25      3.52         0      7.77         9       512         0         0     0.276         0      2.59      1.68         0
     1/299     14.1G      3.21       1.9         0      5.11         4       512     0.346     0.765     0.594     0.476      2.88      1.09         0
     2/299     14.1G      3.48      1.52         0         5        11       512     0.407     0.671      0.43     0.506      2.78     0.951         0
     3/299     14.1G      3.43      1.37         0       4.8         6       512     0.601     0.731      0.72      0.66      2.44     0.867         0
     4/299     14.1G      3.26       1.3         0      4.55         7       512     0.153      0.58      0.13     0.242      2.38      2.28         0
     5/299     14.1G      3.04       1.2         0      4.24         5       512      0.35     0.682     0.463     0.462      2.21     0.886         0
     6/299     14.1G      3.63      1.24         0      4.86         6       512       0.5     0.722     0.583     0.591      2.44      0.92         0
     7/299     14.1G      3.26      1.33         0      4.59         6       512     0.694     0.347     0.453     0.462      2.66       1.1         0
     8/299     14.1G      2.73      1.37         0       4.1         6       512      0.79     0.212     0.405     0.334      2.96      1.07         0
     9/299     14.1G      3.11      1.33         0      4.44         5       512     0.253   0.00784    0.0139    0.0152      4.23      1.73         0
    10/299     14.1G      2.95      1.29         0      4.24         5       512     0.368     0.392     0.309      0.38      2.63      1.05         0
    11/299     14.1G      3.31       1.3         0      4.61         8       512     0.569     0.523     0.532     0.545      2.23     0.916         0
    12/299     14.1G      2.98      1.32         0       4.3         6       512     0.534     0.629     0.539     0.578      2.41      0.95         0
    13/299     14.1G      3.02      1.26         0      4.28        10       512     0.681     0.514      0.58     0.586      2.25     0.872         0
    14/299     14.1G      3.04      1.33         0      4.37         3       512     0.627       0.3     0.446     0.406      2.44     0.933         0
    15/299     14.1G      2.77      1.28         0      4.05         7       512     0.585     0.408     0.444     0.481      2.28     0.926         0
    16/299     14.1G      2.85      1.22         0      4.06         5       512     0.611     0.508     0.484     0.555      2.51     0.881         0
    17/299     14.1G      2.55       1.2         0      3.75         5       512     0.737     0.518     0.564     0.608      2.18     0.815         0
    18/299     14.1G      2.78      1.12         0      3.89         4       512     0.715      0.59     0.661     0.647       2.1     0.759         0
    19/299     14.1G       2.6      1.12         0      3.72         7       512     0.353      0.22     0.191     0.271      2.74     0.946         0
    20/299     14.1G       2.8      1.26         0      4.06         4       512     0.198    0.0608    0.0677     0.093      3.19      1.05         0
    21/299     14.1G      3.16      1.41         0      4.57         6       512  0.000185   0.00196  0.000242  0.000339      5.82      1.83         0
    22/299     14.1G      2.99      1.28         0      4.27         5       512    0.0172    0.0373    0.0352    0.0235      3.06      1.64         0
    23/299     14.1G      2.72      1.21         0      3.94         5       512       0.7      0.21      0.38     0.323      2.45     0.938         0
    24/299     14.1G      2.75      1.21         0      3.96         6       512     0.762     0.458     0.591     0.572      2.16     0.807         0
    25/299     14.1G      3.08      1.21         0      4.29         7       512     0.676     0.576     0.631     0.622      2.15     0.799         0
    26/299     14.1G      2.67      1.18         0      3.85         6       512     0.759     0.458     0.598     0.571      2.16     0.783         0
    27/299     14.1G      2.69      1.19         0      3.88         6       512     0.727     0.582     0.653     0.646      2.04     0.766         0
    28/299     14.1G      2.52      1.12         0      3.64         6       512     0.757      0.67     0.736     0.711      1.95     0.702         0
    29/299     14.1G      2.74      1.12         0      3.86         5       512     0.752      0.66     0.735     0.703      1.85      0.72         0
    30/299     14.1G      2.59       1.1         0      3.69         5       512     0.769     0.688     0.765     0.726      1.81      0.71         0
    31/299     14.1G      2.52      1.12         0      3.64         7       512     0.767      0.68     0.772     0.721       1.8     0.693         0
    32/299     14.1G      2.74      1.05         0      3.79         5       512     0.818     0.696     0.808     0.752      1.79     0.683         0
    33/299     14.1G      2.95      1.09         0      4.04         8       512     0.748     0.773      0.78      0.76       1.8     0.668         0
    34/299     14.1G      2.89      1.04         0      3.93         5       512     0.738     0.769     0.785     0.753      1.77     0.665         0
    35/299     14.1G       2.8      1.06         0      3.86         7       512     0.734     0.742     0.782     0.738      1.75     0.686         0
    36/299     14.1G      2.61      1.08         0      3.69         7       512     0.674     0.572     0.634     0.619      2.05     0.775         0
    37/299     14.1G      2.64      1.08         0      3.72         5       512      0.71      0.77      0.78     0.739      1.84     0.675         0
    38/299     14.1G      2.51      1.09         0       3.6         6       512     0.792     0.733     0.813     0.761      1.76      0.65         0
    39/299     14.1G       2.4      1.06         0      3.47         8       512     0.731     0.759     0.796     0.744      1.72     0.668         0
    40/299     14.1G       2.6      1.06         0      3.66         5       512     0.683     0.773     0.785     0.725      1.71      0.71         0
    41/299     14.1G      2.51      1.09         0       3.6         5       512     0.666     0.576     0.631     0.618      2.05     0.751         0
    42/299     14.1G      2.22      1.08         0       3.3         4       512     0.722     0.733     0.746     0.728      1.87     0.706         0
    43/299     14.1G      2.28      1.13         0      3.41         6       512     0.651     0.551     0.618     0.597      2.03     0.758         0
    44/299     14.1G      3.11      1.11         0      4.22         6       512     0.663     0.706     0.695     0.684      1.85     0.755         0
    45/299     14.1G      2.29      1.16         0      3.45         7       512     0.654     0.492      0.54     0.562      2.08     0.875         0
    46/299     14.1G      1.94      1.06         0         3         4       512     0.722     0.586     0.702     0.647      1.78     0.736         0
    47/299     14.1G      2.57      1.09         0      3.67         8       512     0.789     0.705     0.765     0.745      1.64     0.695         0
    48/299     14.1G       2.6       1.1         0       3.7         5       512      0.78     0.745     0.794     0.762      1.56     0.669         0
    49/299     14.1G      2.47      1.09         0      3.56         8       512      0.69      0.75     0.744     0.718       1.7     0.714         0
    50/299     14.1G      2.64      1.09         0      3.73         6       512     0.802     0.721     0.795     0.759      1.49     0.674         0
    51/299     14.1G       2.3     0.998         0       3.3         9       512     0.772     0.782      0.81     0.777      1.47     0.642         0
    52/299     14.1G      2.41      1.01         0      3.42         5       512     0.781     0.791     0.834     0.786      1.55     0.635         0
    53/299     14.1G      2.14      1.04         0      3.18         7       512     0.773     0.822     0.865     0.797      1.58     0.624         0
    54/299     14.1G      2.66      1.02         0      3.69         7       512     0.779     0.849     0.879     0.812      1.51     0.609         0
    55/299     14.1G      2.44      1.04         0      3.48         5       512     0.812     0.761     0.848     0.785      1.23     0.626         0
    56/299     14.1G      2.29      1.05         0      3.34         7       512     0.799     0.767     0.852     0.783       1.3     0.625         0
    57/299     14.1G      2.03     0.974         0         3         7       512     0.812     0.839     0.891     0.825      1.33      0.59         0
    58/299     14.1G      2.31     0.967         0      3.28         6       512     0.781     0.833     0.851     0.806       1.4     0.605         0
    59/299     14.1G      2.16      1.01         0      3.16        10       512     0.722     0.845     0.853     0.778       1.3     0.628         0
    60/299     14.1G      1.68     0.991         0      2.67         7       512     0.781     0.839     0.871     0.809      1.24     0.626         0
    61/299     14.1G      2.14     0.998         0      3.13         9       512     0.767      0.81     0.844     0.788      1.28     0.626         0
    62/299     14.1G      1.75      0.96         0      2.71         5       512     0.788     0.878       0.9     0.831      1.47     0.596         0
    63/299     14.1G      2.01     0.979         0      2.99         5       512     0.793     0.859     0.902     0.824      1.36     0.577         0
    64/299     14.1G      2.34     0.931         0      3.27         7       512     0.827     0.849     0.895     0.838      1.32     0.581         0
    65/299     14.1G      1.69     0.953         0      2.64         8       512     0.811     0.867     0.893     0.838      1.19     0.577         0
    66/299     14.1G      1.92     0.947         0      2.87         9       512     0.697     0.833     0.846     0.759      1.31      0.62         0
    67/299     14.1G         2     0.953         0      2.95         8       512     0.815     0.861     0.905     0.837      1.32     0.586         0
    68/299     14.1G      2.08     0.946         0      3.03         8       512     0.856     0.884      0.92      0.87      1.31     0.551         0
    69/299     14.1G      1.85     0.906         0      2.76         5       512     0.848     0.909     0.929     0.878      1.26     0.536         0
    70/299     14.1G      1.94     0.919         0      2.86         8       512     0.775     0.916      0.91     0.839      1.13     0.546         0
    71/299     14.1G      1.88      0.97         0      2.85         9       512     0.785     0.902     0.916     0.839      1.12     0.543         0
    72/299     14.1G      1.86     0.918         0      2.78         6       512      0.81      0.91     0.926     0.857      1.15     0.536         0
    73/299     14.1G      1.76     0.932         0       2.7         8       512     0.785     0.929      0.92     0.851       1.1     0.531         0
    74/299     14.1G      1.83     0.902         0      2.74         6       512     0.817     0.935     0.933     0.872      1.03     0.544         0
    75/299     14.1G      1.87     0.957         0      2.82         7       512     0.807     0.927     0.938     0.863      1.07     0.532         0
    76/299     14.1G      1.69     0.838         0      2.52         7       512     0.874     0.884     0.942     0.879      1.07     0.544         0
    77/299     14.1G      1.53     0.894         0      2.42         5       512     0.826      0.91     0.922     0.866      1.08     0.527         0
    78/299     14.1G      1.91     0.921         0      2.83         7       512       0.5     0.474     0.472     0.487      1.92     0.837         0
    79/299     14.1G      1.89     0.961         0      2.85         4       512     0.744     0.808     0.824     0.775      1.29     0.663         0
    80/299     14.1G      1.94      0.92         0      2.86         9       512     0.828     0.852       0.9      0.84      1.15     0.574         0
    81/299     14.1G      1.75     0.913         0      2.66         6       512     0.816     0.882     0.921     0.848      1.22     0.553         0
    82/299     14.1G      1.94     0.906         0      2.84         6       512     0.837     0.945     0.951     0.888      1.02     0.524         0
    83/299     14.1G      1.63     0.913         0      2.55         6       512     0.807     0.935     0.953     0.867     0.999     0.523         0
    84/299     14.1G      1.47     0.903         0      2.37         6       512     0.786     0.949     0.945      0.86      1.01      0.52         0
    85/299     14.1G      1.48     0.869         0      2.34         6       512      0.82     0.955     0.954     0.882     0.953       0.5         0
    86/299     14.1G      1.58     0.913         0      2.49         6       512     0.888     0.894     0.952     0.891     0.968     0.521         0
    87/299     14.1G       1.9     0.878         0      2.78         4       512     0.844      0.91     0.934     0.876         1     0.515         0
    88/299     14.1G      1.68      0.85         0      2.53         5       512     0.879      0.91     0.946     0.894      1.01     0.503         0
    89/299     14.1G      1.77     0.833         0       2.6         5       512     0.828     0.955     0.954     0.887      1.01     0.497         0
    90/299     14.1G      1.81     0.878         0      2.69         7       512     0.833     0.951      0.96     0.888     0.974     0.499         0
    91/299     14.1G      1.87     0.865         0      2.74         5       512     0.816     0.945     0.948     0.875      1.02     0.507         0
    92/299     14.1G      1.78     0.863         0      2.65         6       512     0.865     0.927     0.953     0.895     0.949      0.51         0
    93/299     14.1G      1.55     0.837         0      2.39         5       512      0.85     0.955     0.959     0.899      0.91     0.471         0
    94/299     14.1G      1.71      0.88         0      2.59        10       512     0.798     0.963     0.951     0.872      1.05     0.478         0
    95/299     14.1G      1.71     0.841         0      2.55         6       512      0.79     0.969     0.953      0.87     0.957     0.501         0
    96/299     14.1G      1.48     0.812         0      2.29         5       512     0.813     0.967      0.96     0.883      1.03     0.474         0
    97/299     14.1G      1.85     0.806         0      2.66         4       512     0.883     0.935     0.962     0.909     0.985     0.465         0
    98/299     14.1G      1.53     0.822         0      2.35         5       512     0.885     0.961     0.967     0.922     0.982     0.464         0
    99/299     14.1G      1.68     0.798         0      2.48         6       512     0.899     0.961      0.97     0.929     0.946     0.477         0
   100/299     14.1G      1.46     0.805         0      2.26         9       512     0.825     0.947      0.95     0.882         1     0.473         0
   101/299     14.1G      1.52       0.8         0      2.32         6       512     0.879     0.951     0.971     0.913     0.939     0.459         0
   102/299     14.1G      1.67     0.803         0      2.48         5       512     0.806     0.949     0.947     0.871     0.985     0.463         0
   103/299     14.1G      1.62     0.852         0      2.47         7       512     0.851     0.955     0.964       0.9       0.9     0.473         0
   104/299     14.1G      1.62     0.814         0      2.44         9       512     0.874     0.953     0.968     0.912     0.914     0.441         0
   105/299     14.1G      1.38     0.803         0      2.18         7       512     0.909     0.953     0.977     0.931     0.968      0.45         0
   106/299     14.1G      1.42     0.814         0      2.24         8       512     0.872     0.957     0.969     0.913     0.924     0.454         0
   107/299     14.1G      1.44     0.784         0      2.23         7       512      0.89     0.971     0.969     0.929     0.906     0.459         0
   108/299     14.1G      1.38      0.84         0      2.22         5       512     0.845     0.978      0.97     0.907      0.86      0.44         0
   109/299     14.1G      1.29      0.83         0      2.12         6       512     0.787     0.975     0.959     0.871     0.928     0.477         0
   110/299     14.1G      1.52     0.825         0      2.34         5       512     0.786     0.955      0.94     0.862     0.959     0.509         0
   111/299     14.1G      1.45     0.796         0      2.25         4       512     0.892     0.945     0.956     0.918     0.942     0.479         0
   112/299     14.1G      1.49     0.834         0      2.32         6       512     0.883     0.957     0.968     0.918     0.865      0.45         0
   113/299     14.1G       1.6     0.826         0      2.42         5       512     0.802     0.963     0.954     0.875     0.892     0.466         0
   114/299     14.1G       1.6     0.832         0      2.43         5       512     0.844     0.978     0.968     0.906      0.88     0.454         0
   115/299     14.1G      1.47     0.822         0      2.29         6       512     0.825      0.98     0.972     0.896      0.87     0.442         0
   116/299     14.1G      1.45     0.749         0      2.19         7       512     0.899     0.971     0.972     0.933     0.831     0.425         0
   117/299     14.1G      1.55     0.769         0      2.32         7       512     0.867     0.955     0.964     0.909     0.826     0.437         0
   118/299     14.1G      1.49      0.77         0      2.26         7       512     0.832     0.982     0.969     0.901     0.855     0.429         0
   119/299     14.1G      1.36     0.722         0      2.08         8       512     0.907     0.971     0.973     0.938     0.876     0.423         0
   120/299     14.1G      1.61     0.758         0      2.36         7       512     0.907     0.957     0.975     0.931      0.82      0.45         0
   121/299     14.1G      1.69     0.721         0      2.41         6       512     0.872     0.974     0.978      0.92      0.85     0.422         0
   122/299     14.1G      1.54      0.74         0      2.28         4       512     0.866     0.965     0.973     0.913     0.844      0.43         0
   123/299     14.1G      1.29     0.735         0      2.02         4       512     0.905     0.971     0.977     0.937     0.818     0.419         0
   124/299     14.1G      1.31     0.732         0      2.04         4       512     0.875      0.99     0.977     0.929     0.784     0.412         0
   125/299     14.1G       1.3     0.744         0      2.05         5       512     0.833     0.982     0.976     0.902     0.757     0.439         0
   126/299     14.1G      1.33     0.759         0      2.09         8       512     0.871     0.992     0.979     0.928     0.826     0.427         0
   127/299     14.1G      1.45     0.737         0      2.18         7       512     0.864     0.982     0.981      0.92     0.795     0.403         0
   128/299     14.1G      1.38     0.767         0      2.15         5       512     0.895     0.976     0.984     0.934      0.75     0.392         0
   129/299     14.1G      1.27     0.719         0      1.99         3       512     0.882     0.986     0.985     0.931     0.792       0.4         0
   130/299     14.1G      1.41     0.737         0      2.14         8       512     0.924     0.967     0.983     0.945     0.852      0.42         0
   131/299     14.1G       1.4     0.784         0      2.18         7       512      0.91     0.988     0.985     0.948     0.795     0.401         0
   132/299     14.1G      1.34     0.718         0      2.06         7       512     0.876     0.986     0.986     0.928     0.762     0.408         0
   133/299     14.1G      1.28     0.722         0         2         6       512     0.907     0.986     0.984     0.945     0.788     0.402         0
   134/299     14.1G      1.33     0.774         0      2.11         6       512     0.891     0.977     0.979     0.932     0.739     0.405         0
   135/299     14.1G      1.24     0.709         0      1.95         7       512     0.867     0.984      0.98     0.922     0.787      0.39         0
   136/299     14.1G      1.27     0.695         0      1.97         6       512     0.894     0.984     0.983     0.937     0.756     0.392         0
   137/299     14.1G      1.21     0.672         0      1.88         5       512     0.862     0.984     0.983     0.919     0.784      0.41         0
   138/299     14.1G      1.15     0.673         0      1.82         7       512     0.871     0.988      0.98     0.926     0.839     0.384         0
   139/299     14.1G       1.3     0.713         0      2.01         6       512     0.905      0.99     0.987     0.946     0.783     0.377         0
   140/299     14.1G      1.28     0.699         0      1.98         6       512     0.939     0.989      0.99     0.963     0.749     0.425         0
   141/299     14.1G      1.27     0.701         0      1.97         4       512     0.911     0.984     0.984     0.946     0.766     0.376         0
   142/299     14.1G      1.22     0.698         0      1.92         5       512     0.897      0.99     0.984     0.941      0.81      0.36         0
   143/299     14.1G       1.5     0.677         0      2.18         5       512     0.894      0.99     0.984      0.94      0.73      0.37         0
   144/299     14.1G      1.17     0.698         0      1.86         6       512     0.904     0.996     0.988     0.948     0.756     0.359         0
   145/299     14.1G      1.24     0.657         0       1.9         8       512     0.944      0.99     0.989     0.967     0.739     0.374         0
   146/299     14.1G      1.27     0.699         0      1.97         5       512      0.92     0.988     0.988     0.953     0.733     0.366         0
   147/299     14.1G      1.42     0.677         0       2.1         6       512      0.94     0.988      0.99     0.964     0.677     0.355         0
   148/299     14.1G      1.05     0.695         0      1.75         5       512     0.943     0.992     0.991     0.967     0.734     0.376         0
   149/299     14.1G      1.31       0.7         0      2.01         7       512     0.919     0.992     0.991     0.954      0.69     0.355         0
   150/299     14.1G      1.09     0.659         0      1.74         7       512     0.926     0.992     0.991     0.958     0.685     0.361         0
   151/299     14.1G      1.17     0.654         0      1.82         7       512     0.917     0.996      0.99     0.955     0.689     0.357         0
   152/299     14.1G      1.24     0.676         0      1.91         6       512     0.927     0.996     0.987      0.96     0.674     0.358         0
   153/299     14.1G      1.16     0.615         0      1.77         7       512     0.924     0.992     0.989     0.957     0.689     0.372         0
   154/299     14.1G      1.14     0.677         0      1.81         5       512     0.916      0.99     0.985     0.952     0.673     0.368         0
   155/299     14.1G      1.17     0.642         0      1.81         6       512     0.921      0.99     0.985     0.954     0.696      0.36         0
   156/299     14.1G      1.09      0.65         0      1.74         3       512     0.929     0.988     0.988     0.958     0.662     0.349         0
   157/299     14.1G      1.21     0.659         0      1.87         5       512     0.926     0.992     0.989     0.958     0.656     0.372         0
   158/299     14.1G      1.16     0.679         0      1.84         8       512     0.932     0.975      0.99     0.953     0.663      0.37         0
   159/299     14.1G      1.11     0.659         0      1.77         8       512     0.923     0.992      0.99     0.956     0.661      0.36         0
   160/299     14.1G      1.25     0.658         0      1.91         6       512     0.895     0.996     0.987     0.943     0.667     0.352         0
   161/299     14.1G      1.22     0.662         0      1.88         9       512       0.9     0.994     0.989     0.945     0.665     0.354         0
   162/299     14.1G       1.1     0.631         0      1.73         5       512     0.919     0.988     0.989     0.952     0.651     0.355         0
   163/299     14.1G      1.16     0.635         0      1.79         7       512     0.942     0.986      0.99     0.964     0.625     0.346         0
   164/299     14.1G      1.11     0.651         0      1.76         8       512     0.949     0.943     0.982     0.946     0.657     0.404         0
   165/299     14.1G     0.991     0.645         0      1.64         8       512     0.933      0.99     0.991     0.961     0.653     0.347         0
   166/299     14.1G      1.15      0.61         0      1.76         6       512     0.958     0.992     0.993     0.975     0.623     0.339         0
   167/299     14.1G       1.1     0.585         0      1.69         6       512     0.956     0.996     0.992     0.976     0.624     0.333         0
   168/299     14.1G      1.03     0.633         0      1.66         7       512     0.919     0.998     0.988     0.957     0.612     0.335         0
   169/299     14.1G      1.22     0.618         0      1.84         3       512     0.908     0.935     0.958     0.922     0.786     0.442         0
   170/299     14.1G      1.15     0.608         0      1.76         6       512     0.936     0.982      0.99     0.959     0.639     0.364         0
   171/299     14.1G      1.06     0.612         0      1.67         5       512     0.938     0.992     0.991     0.964     0.637     0.331         0
   172/299     14.1G      1.02     0.615         0      1.64         5       512     0.942     0.996     0.991     0.969     0.626     0.337         0
   173/299     14.1G      1.17     0.591         0      1.76         6       512     0.912     0.995     0.989     0.952      0.65     0.336         0
   174/299     14.1G     0.921     0.616         0      1.54         8       512     0.946     0.992     0.992     0.969     0.604     0.328         0
   175/299     14.1G     0.999     0.608         0      1.61         8       512     0.965     0.996     0.994      0.98     0.594     0.318         0
   176/299     14.1G       1.1       0.6         0       1.7         3       512     0.948     0.992     0.991      0.97     0.598     0.322         0
   177/299     14.1G      1.18     0.599         0      1.78         5       512     0.942     0.996     0.992     0.968     0.612     0.307         0
   178/299     14.1G       1.1     0.559         0      1.66         4       512     0.941     0.992     0.993     0.966     0.615     0.307         0
   179/299     14.1G      1.16     0.591         0      1.75         6       512     0.943      0.99     0.993     0.966     0.606     0.316         0
   180/299     14.1G      1.18       0.6         0      1.78         5       512     0.941     0.996     0.992     0.968     0.569     0.299         0
   181/299     14.1G      1.09     0.593         0      1.68         5       512     0.938     0.996     0.994     0.966     0.568     0.306         0
   182/299     14.1G      1.06     0.582         0      1.64         6       512     0.944     0.992     0.991     0.968     0.571     0.295         0
   183/299     14.1G      1.02     0.576         0       1.6         5       512     0.949     0.994     0.992     0.971     0.579     0.293         0
   184/299     14.1G      1.03     0.582         0      1.62         6       512     0.944     0.994     0.992     0.968     0.566       0.3         0
   185/299     14.1G      1.16     0.611         0      1.77         5       512     0.933     0.996     0.993     0.964     0.579     0.311         0
   186/299     14.1G     0.971     0.557         0      1.53         7       512     0.958     0.996     0.992     0.977     0.575      0.31         0
   187/299     14.1G      1.06     0.596         0      1.66         5       512     0.963     0.994     0.993     0.978     0.576     0.308         0
   188/299     14.1G      1.04     0.575         0      1.62         6       512     0.948     0.992     0.993      0.97     0.558     0.302         0
   189/299     14.1G     0.906     0.557         0      1.46         5       512     0.929     0.996     0.992     0.961     0.556     0.303         0
   190/299     14.1G     0.989     0.553         0      1.54         6       512      0.94     0.994     0.993     0.966     0.559     0.318         0
   191/299     14.1G     0.877     0.571         0      1.45         7       512     0.969     0.992     0.993      0.98     0.548     0.304         0
   192/299     14.1G         1     0.581         0      1.58         7       512     0.961     0.992     0.993     0.976     0.541     0.286         0
   193/299     14.1G      1.02     0.551         0      1.57         5       512     0.955     0.996     0.992     0.975     0.543     0.297         0
   194/299     14.1G      1.01     0.572         0      1.58         5       512     0.935     0.996     0.992     0.965     0.559     0.307         0
   195/299     14.1G      1.17     0.568         0      1.73         9       512     0.932     0.996     0.993     0.963      0.53     0.307         0
   196/299     14.1G     0.971     0.527         0       1.5         7       512     0.913     0.996     0.992     0.952     0.557     0.311         0
   197/299     14.1G      1.03     0.566         0      1.59         7       512     0.911     0.996     0.991     0.952     0.538     0.309         0
   198/299     14.1G     0.924     0.569         0      1.49         8       512     0.938     0.996     0.993     0.966     0.533     0.297         0
   199/299     14.1G     0.931     0.551         0      1.48         6       512      0.93     0.996     0.993     0.962     0.545     0.289         0
   200/299     14.1G     0.862     0.536         0       1.4         7       512     0.946     0.996     0.994     0.971     0.536     0.293         0
   201/299     14.1G      1.21     0.549         0      1.76         6       512     0.952     0.994     0.994     0.972     0.546     0.289         0
   202/299     14.1G     0.921     0.554         0      1.48         6       512     0.953     0.996     0.994     0.974     0.524     0.293         0
   203/299     14.1G     0.923      0.57         0      1.49         5       512     0.957     0.996     0.994     0.976     0.524     0.292         0
   204/299     14.1G     0.936     0.538         0      1.47         7       512     0.941     0.996     0.993     0.968     0.535      0.29         0
   205/299     14.1G       1.1     0.532         0      1.63         5       512     0.968     0.996     0.994     0.982     0.534     0.288         0
   206/299     14.1G     0.923      0.57         0      1.49         4       512     0.962     0.994     0.994     0.978     0.541     0.282         0
   207/299     14.1G      1.03     0.546         0      1.57         5       512     0.961     0.996     0.994     0.978     0.538     0.281         0
   208/299     14.1G      1.01     0.537         0      1.55         5       512     0.944     0.994     0.992     0.969     0.519      0.28         0
   209/299     14.1G      0.95     0.528         0      1.48         5       512     0.946     0.996     0.992      0.97     0.499     0.276         0
   210/299     14.1G     0.999     0.511         0      1.51         5       512     0.954     0.996     0.993     0.975     0.496     0.273         0
   211/299     14.1G      0.88     0.508         0      1.39         8       512      0.95     0.996     0.994     0.973     0.503     0.272         0
   212/299     14.1G     0.935     0.528         0      1.46         7       512     0.953     0.996     0.993     0.974     0.505     0.274         0
   213/299     14.1G     0.875     0.533         0      1.41         5       512     0.948     0.996     0.992     0.971     0.502     0.294         0
   214/299     14.1G     0.994     0.521         0      1.52         5       512     0.942     0.992     0.993     0.966       0.5     0.289         0
   215/299     14.1G      1.04     0.542         0      1.58         7       512      0.95     0.992     0.993      0.97     0.492     0.284         0
   216/299     14.1G     0.967     0.551         0      1.52         7       512      0.95     0.994     0.993     0.972     0.482     0.277         0
   217/299     14.1G     0.965     0.509         0      1.47         5       512     0.959     0.994     0.994     0.976      0.49      0.29         0
   218/299     14.1G      0.88     0.517         0       1.4         6       512      0.95     0.994     0.994     0.971     0.492     0.286         0
   219/299     14.1G     0.867     0.493         0      1.36         5       512      0.95     0.994     0.994     0.972      0.48     0.263         0
   220/299     14.1G     0.863     0.482         0      1.35         9       512     0.952     0.994     0.994     0.973     0.498     0.272         0
   221/299     14.1G      1.05     0.524         0      1.57         2       512     0.954     0.994     0.994     0.974     0.489     0.276         0
   222/299     14.1G     0.806     0.499         0       1.3         7       512     0.961     0.994     0.994     0.977     0.503     0.266         0
   223/299     14.1G     0.715     0.477         0      1.19         5       512      0.97     0.994     0.994     0.982     0.483     0.266         0
   224/299     14.1G     0.905     0.498         0       1.4         4       512     0.953     0.996     0.993     0.974     0.479     0.255         0
   225/299     14.1G     0.779     0.517         0       1.3         9       512     0.953     0.996     0.994     0.974      0.46     0.259         0
   226/299     14.1G     0.911     0.515         0      1.43         8       512     0.942     0.996     0.993     0.968     0.469     0.255         0
   227/299     14.1G      0.86     0.485         0      1.34         4       512     0.943     0.996     0.994     0.969     0.473     0.256         0
   228/299     14.1G     0.955     0.506         0      1.46         8       512     0.949     0.996     0.994     0.972     0.476     0.256         0
   229/299     14.1G     0.837     0.464         0       1.3         7       512     0.954     0.994     0.994     0.974     0.468     0.258         0
   230/299     14.1G      0.83     0.512         0      1.34         8       512     0.956     0.994     0.994     0.975     0.469     0.257         0
